function F = Multiply_ ( M , D) 
M11 = M(:,1) ;
M12 = M(:,2) ;
M13 = M(:,3) ;
M14 = M(:,4) ;
M21 = M(:,5) ;
M22 = M(:,6) ;
M23 = M(:,7) ;
M24 = M(:,8) ;
M31 = M(:,9) ;
M32 = M(:,10) ;
M33 = M(:,11) ;
M34 = M(:,12) ;
M41 = M(:,13) ;
M42 = M(:,14) ;
M43 = M(:,15) ;
M44 = M(:,16) ;

D11 = D(:,1) ;
D12 = D(:,2) ;
D13 = D(:,3) ;
D14 = D(:,4) ;
D21 = D(:,5) ;
D22 = D(:,6) ;
D23 = D(:,7) ;
D24 = D(:,8) ;
D31 = D(:,9) ;
D32 = D(:,10) ;
D33 = D(:,11) ;
D34 = D(:,12) ;
D41 = D(:,13) ;
D42 = D(:,14) ;
D43 = D(:,15) ;
D44 = D(:,16) ;

%
F11 = M11.*D11 + M12.*D21 + M13.*D31 + M14.*D41 ;
F12 = M11.*D12 + M12.*D22 + M13.*D32 + M14.*D42 ;
F13 = M11.*D13 + M12.*D23 + M13.*D33 + M14.*D43 ;
F14 = M11.*D14 + M12.*D24 + M13.*D34 + M14.*D44 ;

F21 = M21.*D11 + M22.*D21 + M23.*D31 + M24.*D41 ;
F22 = M21.*D12 + M22.*D22 + M23.*D32 + M24.*D42 ;
F23 = M21.*D13 + M22.*D23 + M23.*D33 + M24.*D43 ;
F24 = M21.*D14 + M22.*D24 + M23.*D34 + M24.*D44 ;

F31 = M31.*D11 + M32.*D21 + M33.*D31 + M34.*D41 ;
F32 = M31.*D12 + M32.*D22 + M33.*D32 + M34.*D42 ;
F33 = M31.*D13 + M32.*D23 + M33.*D33 + M34.*D43 ;
F34 = M31.*D14 + M32.*D24 + M33.*D34 + M34.*D44 ;

F41 = M41.*D11 + M42.*D21 + M43.*D31 + M44.*D41 ;
F42 = M41.*D12 + M42.*D22 + M43.*D32 + M44.*D42 ;
F43 = M41.*D13 + M42.*D23 + M43.*D33 + M44.*D43 ;
F44 = M41.*D14 + M42.*D24 + M43.*D34 + M44.*D44 ;

F = [F11 F12 F13 F14 F21 F22 F23 F24 F31 F32 F33 F34 F41 F42 F43 F44];